link_id	nodes
1	704616,702678
2	701776,702029
3	754127,754060
4	754060,753730
5	754206,754210
6	754210,754127
7	750103,753155
8	760488,755845
9	699448,699389
10	700129,700205
11	702062,699556
12	675356,676055
13	846219,845732
14	846634,846622
15	856361,855824
16	855824,855804
17	843992,844114
18	844114,844533
19	784980,784069
20	783952,777825
21	777825,777304
22	780509,780212
23	780212,780197
24	782044,782807
25	782807,782935
26	782935,783240
27	783240,783265
28	783265,783200
29	780235,780109
30	696350,696374
31	689387,689386
32	790954,790449
33	789873,788218
34	789974,789571
35	652752,652750
36	689968,689847
37	787361,787635
38	787635,788125
39	788125,788776
40	620284,620224
41	620224,620189
42	620189,620221
43	611037,610980
44	610980,610985
45	610985,611006
46	611006,611042
47	611042,611037
48	609686,609670
49	609670,609602
50	609602,609604
51	609604,609674
52	609674,609686
53	611055,610815
54	611134,611102
55	611102,611055
56	611945,611739
57	611739,611685
58	611498,611456
59	611456,611134
60	611685,611529
61	611529,611498
62	812470,813716
63	704819,705606
64	703730,703989
65	703379,703730
66	702796,702829
67	702829,703379
68	704690,704819
69	704565,704690
70	703989,704379
71	704379,704565
72	699955,699879
73	699879,700129
74	698386,697571
75	699239,698386
76	700253,699969
77	699969,699239
78	644165,647548
79	644907,644827
80	644371,644443
81	646247,646153
82	645282,645178
83	644993,644907
84	645448,645365
85	645365,645282
86	645178,645085
87	645085,644993
88	644827,644755
89	644454,644374
90	644200,644245
91	644245,644319
92	644319,644371
93	644611,644523
94	644523,644454
95	644244,644093
96	644374,644321
97	644321,644244
98	644093,644152
99	644152,644200
100	644755,644672
101	644672,644611
102	646153,646100
103	646100,646010
104	645642,645588
105	646010,645957
106	645682,645642
107	645835,645756
108	645756,645682
109	645957,645884
110	645884,645835
111	645588,645529
112	645529,645448
113	636188,636645
114	636645,637893
115	643580,644020
116	644020,644453
117	644453,645912
118	640917,642623
119	642623,643580
120	634471,634511
121	634511,634856
122	634856,634933
123	634933,636188
124	640175,640917
125	637893,638279
126	638279,640175
127	643890,643889
128	644830,644742
129	644742,643920
130	643920,643890
131	643889,644165
132	635812,631246
133	631246,631246
134	635812,634527
135	634527,634381
136	634381,634527
137	617971,617950
138	617950,617901
139	617935,617949
140	617949,617948
141	617931,617935
142	617948,617951
143	617901,617862
144	617862,617931
145	617951,617917
146	617917,617889
147	617812,617789
148	617789,617510
149	617889,617842
150	617842,617812
151	655298,654522
152	654522,654165
153	652520,654471
154	661391,661333
155	654471,654696
156	688242,689230
157	689230,690069
158	691754,691018
159	685785,687489
160	687489,687455
161	687455,687343
162	693770,693512
163	685152,684317
164	684317,684110
165	685484,685301
166	683273,683161
167	620063,620034
168	619925,620118
169	620118,620350
170	619644,619925
171	620034,619639
172	619639,619644
173	620872,620921
174	620921,620943
175	620599,620690
176	620690,620872
177	620661,621170
178	672440,673649
179	671374,671767
180	665166,665339
181	654539,653665
182	657435,654588
183	654588,654539
184	657887,657931
185	657931,658249
186	653895,653720
187	657357,657795
188	658658,658705
189	658705,660045
190	660045,660065
191	658287,658291
192	658291,658658
193	657501,656465
194	656465,656236
195	656236,656465
196	658145,658180
197	658180,658250
198	658250,658287
199	657765,657775
200	657775,658145
201	656236,656098
202	656163,655271
203	656944,656230
204	656230,656163
205	657704,657765
206	658249,658252
207	658252,657685
208	657685,657704
209	658007,657769
210	657769,657769
211	652292,652329
212	652329,654646
213	652135,651622
214	651911,652086
215	652086,652095
216	652095,652292
217	652116,652326
218	653665,652185
219	652185,652135
220	654540,654550
221	676242,674760
222	647753,646182
223	611042,611219
224	643548,643545
225	684199,684245
226	684245,684249
227	684249,684277
228	684535,684245
229	684535,684538
230	684538,685595
231	684540,684535
232	685595,686189
233	686189,687221
234	684580,684546
235	684546,684540
236	687079,687384
237	687221,687135
238	687135,687079
239	687384,686191
240	684580,684277
241	686191,685675
242	685675,684580
243	751311,751536
244	676844,676246
245	617080,618750
246	779897,779108
247	779124,779114
248	779056,779053
249	779058,779056
250	777221,777805
251	779086,779078
252	779114,779108
253	779078,779068
254	779059,779058
255	779127,779124
256	777805,778147
257	778147,778623
258	778623,778998
259	779098,779090
260	779090,779086
261	779068,779067
262	779067,779060
263	779060,779059
264	779135,779131
265	779131,779127
266	778998,779084
267	779084,779126
268	779126,779135
269	779108,779105
270	779105,779098
271	777805,778272
272	778272,778644
273	778644,779053
274	636235,636343
275	636343,636516
276	781996,781817
277	780254,780142
278	781099,780979
279	781357,781335
280	781645,781545
281	780742,780601
282	780601,780497
283	780497,780408
284	781545,781451
285	781451,781357
286	780979,780857
287	780857,780742
288	781335,781374
289	781817,781744
290	781744,781645
291	781374,781280
292	781280,781201
293	781201,781099
294	780408,780324
295	780324,780254
296	645689,645760
297	632252,632255
298	631678,632218
299	632218,632227
300	632227,632235
301	632235,632241
302	632241,632252
303	145009,144825
304	146064,146076
305	145448,145536
306	145691,145754
307	145536,145551
308	145551,145596
309	145754,146033
310	146033,146064
311	145596,145641
312	145641,145691
313	147538,147536
314	147537,147538
315	147544,147541
316	147543,147544
317	146777,147159
318	147159,147320
319	147320,147543
320	147541,147539
321	147539,147537
322	145335,145284
323	316342,314754
324	314754,313584
325	307866,306537
326	313584,311923
327	311923,309653
328	309653,309298
329	309298,307866
330	734334,734307
331	734338,734343
332	734343,734334
333	649550,649448
334	649448,649176
335	647642,647641
336	648407,648143
337	648143,647631
338	647639,647642
339	649176,648891
340	647633,647639
341	648891,648635
342	648635,648407
343	647631,647748
344	647748,647633
345	647642,648345
346	648345,648128
347	648128,648483
348	648483,649176
349	647631,648407
350	631681,632227
351	632227,632497
352	660055,659004
353	780330,780249
354	780413,780330
355	780834,780727
356	781116,781042
357	781042,780940
358	780940,780834
359	781744,781205
360	781205,781116
361	780727,780590
362	780590,780494
363	780494,780413
364	645111,644692
365	644201,643889
366	644692,644417
367	644417,644201
368	644642,645032
369	643890,644172
370	644172,644365
371	644365,644642
372	645020,644939
373	644939,645120
374	645329,645153
375	645240,645329
376	645572,645768
377	645168,645437
378	645437,645572
379	645020,645052
380	645052,645120
381	645120,645168
382	645240,645153
383	645153,645111
384	645111,645032
385	645032,645020
386	645168,645231
387	645231,645240
388	646247,646009
389	645944,646007
390	646348,646413
391	646207,646288
392	646288,646348
393	646413,646558
394	646558,646729
395	646729,647022
396	647022,647098
397	647098,647548
398	646007,646086
399	646086,646145
400	646145,646207
401	645778,645834
402	645768,645757
403	645757,645778
404	645834,645857
405	645857,645913
406	645913,645873
407	645873,645854
408	645854,645768
409	644223,644170
410	644271,644352
411	644352,644223
412	644170,644164
413	644164,644271
414	642990,643441
415	644223,643834
416	642584,642562
417	629197,629048
418	665339,665340
419	665339,666346
420	676268,674162
421	144825,144827
422	655871,655658
423	652539,654037
424	674018,674004
425	674010,674014
426	674014,674020
427	674028,674010
428	674031,674028
429	674020,674021
430	674021,674018
431	673578,673726
432	673726,674031
433	665208,665324
434	665324,665483
435	665503,665192
436	631699,632255
437	632255,632510
438	631699,631697
439	631692,631700
440	631700,631725
441	631273,631270
442	631270,631265
443	631697,631686
444	631686,631684
445	631265,631260
446	631277,631346
447	631248,631243
448	631243,631277
449	631276,631273
450	631684,631681
451	631725,631280
452	631280,631276
453	631260,631256
454	631681,631678
455	631678,631692
456	631256,631251
457	631251,631248
458	665923,665483
459	665240,665313
460	665313,665697
461	678422,678406
462	643372,643199
463	638395,638520
464	639574,639648
465	639648,639735
466	639735,639825
467	639047,639131
468	638851,639047
469	639131,639207
470	639207,639312
471	639992,639803
472	639803,639721
473	639825,639911
474	639911,639992
475	638520,638705
476	638705,638851
477	639493,639574
478	639312,639407
479	639407,639493
480	637413,637611
481	756194,756177
482	756177,756166
483	756029,756003
484	756003,756166
485	756177,756491
486	1072293,1072427
487	1077598,1076425
488	836390,837003
489	1099879,1099866
490	1099866,1099849
491	1099849,1099781
492	1099781,1099704
493	577716,578932
494	872912,871652
495	868685,870089
496	870359,870046
497	873904,873588
498	873706,873462
499	873462,873455
500	829684,825502
501	825502,825261
502	884752,884756
503	885696,885690
504	884756,884888
505	884747,884752
506	885690,885688
507	884888,885048
508	884741,884747
509	885688,885686
510	885591,885580
511	884727,884732
512	884732,884734
513	885670,885654
514	885654,885651
515	884734,884737
516	884737,884741
517	885686,885676
518	885676,885670
519	885027,884984
520	885607,885595
521	885595,885591
522	885641,885620
523	885620,885607
524	884984,884847
525	884847,884751
526	885709,885696
527	885617,885709
528	885319,885486
529	885486,885617
530	885048,885195
531	885195,885319
532	884751,884724
533	884724,884727
534	885651,885647
535	885647,885641
536	884606,884644
537	884644,884993
538	884993,885141
539	885141,885260
540	885546,885561
541	885487,885546
542	885260,885367
543	885367,885487
544	885561,885536
545	885536,885525
546	885027,884993
547	883599,883591
548	881350,881438
549	881438,881543
550	881720,881763
551	881543,881659
552	881659,881720
553	882020,881996
554	828701,829677
555	829677,830164
556	830164,830554
557	830554,830732
558	823319,823054
559	822949,823223
560	892342,892354
561	892171,892169
562	653832,652744
563	652976,653014
564	653052,652958
565	652958,652941
566	652941,652938
567	652938,652976
568	631114,631100
569	632293,632443
570	632194,632293
571	631811,632194
572	631100,631692
573	631692,631811
574	632463,632350
575	632350,632278
576	632278,632110
577	632110,632032
578	631769,631767
579	631758,631753
580	631767,631765
581	631765,631761
582	631777,631773
583	631773,631769
584	632032,631725
585	631725,631754
586	631761,631759
587	631759,631758
588	631754,631764
589	631764,631777
590	631753,631746
591	631746,631740
592	631740,631736
593	631751,631833
594	631833,632098
595	632098,632302
596	632302,632311
597	632311,632315
598	657493,657530
599	657530,657508
600	657508,657391
601	657391,657386
602	857045,857670
603	990370,990004
604	837228,836655
605	836655,836299
606	838340,837712
607	837712,837476
608	837476,837228
609	845983,845752
610	845752,845504
611	1072702,1072709
612	1072726,1072727
613	1072687,1072674
614	1072710,1072706
615	1072706,1072704
616	1072704,1072701
617	1040747,1041252
618	1041252,1041656
619	1072406,1072269
620	1099074,1099130
621	1098149,1098138
622	675674,676292
623	676269,675555
624	675555,675609
625	675609,675674
626	676296,676292
627	676292,676304
628	676304,676269
629	676269,675635
630	675635,675411
631	673180,672826
632	674458,675555
633	675609,673601
634	673601,673180
635	672826,673533
636	673533,674458
637	673601,673533
638	678941,679105
639	651593,651375
640	655293,655353
641	661979,662673
642	662673,662403
643	663093,662810
644	662810,662673
645	665800,665812
646	665812,666145
647	666138,665867
648	666145,666149
649	666149,666138
650	665867,665793
651	665793,665816
652	662752,662226
653	662226,661707
654	700146,699805
655	699805,698730
656	698730,698673
657	700371,699805
658	698730,697937
659	697937,697331
660	697331,697237
661	697237,696931
662	696931,696587
663	696587,697630
664	698286,697937
665	697833,697929
666	697929,697937
667	699879,699854
668	699961,699926
669	699961,699926
670	699926,699879
671	699969,699955
672	699955,699961
673	619703,619690
674	616883,617166
675	617166,617264
676	617264,617165
677	617165,616882
678	619714,619703
679	616137,616138
680	616138,616144
681	616175,616164
682	616549,616562
683	615932,615889
684	615890,615943
685	616230,616273
686	616070,616105
687	616105,616140
688	616492,616549
689	616140,616182
690	616182,616230
691	616273,616345
692	616345,616355
693	616019,616070
694	616097,616062
695	616062,616021
696	616021,616017
697	616175,616144
698	616144,616097
699	616443,616492
700	616355,616387
701	616387,616443
702	616017,615972
703	615972,615932
704	615943,615976
705	615976,616019
706	615889,615847
707	615847,615890
708	694231,694303
709	691160,692024
710	696544,697456
711	695831,695865
712	695865,697390
713	704419,704428
714	704428,704046
715	704046,703943
716	703943,703105
717	703105,702257
718	719249,719235
719	709996,709978
720	709978,709865
721	717753,717040
722	703065,703806
723	703806,705851
724	703610,703806
725	673698,673567
726	645652,645534
727	644615,645534
728	645534,646753
729	628586,628596
730	628257,628596
731	628596,628518
732	628518,628257
733	628627,628518
734	628257,627829
735	625805,625785
736	625761,625750
737	625785,625777
738	625777,625761
739	622804,622800
740	622800,622783
741	618009,618024
742	617159,617715
743	617715,617871
744	617871,618009
745	616750,617159
746	617159,616999
747	616999,616432
748	616432,616416
749	618009,618257
750	618257,619010
751	619027,618955
752	619010,619059
753	619059,619027
754	618571,619005
755	619005,619010
756	617693,617941
757	619005,618571
758	618571,618257
759	618257,618153
760	618041,618018
761	618068,618063
762	618063,618041
763	618018,618010
764	618010,617996
765	617996,618000
766	618000,618034
767	618034,618068
768	617715,617524
769	617871,618304
770	619116,618915
771	618915,618877
772	618622,618779
773	618943,618970
774	618779,618877
775	618877,618943
776	632915,633951
777	635686,633951
778	633951,633862
779	635199,635686
780	635686,635822
781	611498,611221
782	611221,611037
783	610913,611221
784	610549,610727
785	610727,610913
786	610913,611102
787	611685,611739
788	645307,645383
789	645383,645457
790	645376,645305
791	645305,645247
792	652880,652878
793	652878,652911
794	652882,652880
795	652889,652884
796	652884,652881
797	652881,652882
798	652662,652667
799	652667,652669
800	652743,652746
801	652748,652752
802	652746,652745
803	652745,652748
804	630394,630221
805	630609,630449
806	630449,630394
807	643917,643992
808	643992,644087
809	644087,644183
810	787801,787653
811	787844,787999
812	787571,787759
813	787256,787389
814	787389,787571
815	907102,907251
816	906791,906977
817	906977,907102
818	882958,883624
819	883878,883144
820	704971,705136
821	705136,705108
822	704545,704531
823	704531,704547
824	704547,704714
825	704714,704986
826	704438,703896
827	704505,704364
828	705166,704531
829	704547,703625
830	704620,704714
831	705025,705179
832	705179,705179
833	703724,703397
834	703614,703378
835	703557,703978
836	732543,732323
837	731548,732833
838	733693,733921
839	731296,732251
840	732251,732731
841	732731,733693
842	732377,732387
843	732387,732251
844	733921,732833
845	732833,732731
846	734925,733693
847	673799,673566
848	674248,674004
849	674349,674317
850	674317,674248
851	674004,673960
852	673960,673799
853	674285,674410
854	674349,674457
855	674252,674285
856	674285,674349
857	674876,674981
858	674744,674803
859	674803,674876
860	674511,674631
861	674631,674744
862	674976,676239
863	1046728,1046825
864	1046825,1047099
865	1047099,1046862
866	1046862,1046768
867	1047665,1048152
868	1047099,1047147
869	1047147,1047665
870	1048599,1048678
871	1048678,1049197
872	822160,822250
873	822324,822266
874	823079,822895
875	823448,823249
876	823249,823079
877	818376,818477
878	818400,818328
879	815489,815293
880	815434,815592
881	801409,801217
882	802214,802198
883	802198,801909
884	802477,802472
885	802472,802458
886	802780,802686
887	802686,802648
888	802458,802425
889	802481,802477
890	801502,801417
891	802617,802604
892	801641,801502
893	802425,802369
894	802648,802620
895	802620,802617
896	802546,802481
897	802604,802602
898	802602,802546
899	801417,801415
900	801415,801203
901	802369,802293
902	802293,802214
903	801909,801843
904	801843,801641
905	801578,801855
906	801383,801514
907	802922,802864
908	803055,802989
909	802989,802955
910	802955,802922
911	802817,802780
912	802864,802836
913	802836,802817
914	812328,812509
915	812344,812167
916	689444,689496
917	688710,689444
918	687799,688133
919	688133,688433
920	688433,688710
921	689528,689628
922	689628,689914
923	687861,687947
924	692423,691218
925	691218,691008
926	700736,701399
927	700377,700394
928	697506,697436
929	698947,698850
930	698275,698260
931	699059,699074
932	711382,711309
933	712626,712263
934	712263,711382
935	711298,711382
936	712263,712311
937	712263,713575
938	711224,711202
939	711202,711109
940	711281,711297
941	711661,711958
942	712783,712506
943	712506,712318
944	711474,711469
945	710510,710334
946	713680,713705
947	713825,713680
948	714112,714084
949	714084,713825
950	714084,714292
951	713825,713078
952	714112,714467
953	714467,714340
954	817050,817121
955	817893,817946
956	817229,817893
957	817121,817229
958	817042,816926
959	817878,817804
960	817804,817164
961	817164,817042
962	777038,779196
963	781581,781609
964	1047784,1047824
965	1047824,1048152
966	1047010,1047417
967	1047417,1047784
968	1046373,1047417
969	617584,617898
970	617898,618053
971	771306,771953
972	771953,772552
973	772552,772733
974	771518,771949
975	771949,772498
976	772498,772867
977	771949,771953
978	772498,772552
979	772858,773624
980	1055273,1055253
981	1055100,1054650
982	1055383,1055297
983	1055529,1055437
984	1055437,1055383
985	1055297,1055273
986	1046460,1046928
987	1046008,1046460
988	1045480,1045646
989	1045646,1046008
990	1049458,1049729
991	1046928,1047184
992	1047184,1047444
993	1049151,1049233
994	1047444,1047869
995	1047869,1047941
996	1047941,1048446
997	1049022,1049056
998	1049056,1049151
999	1048446,1048522
1000	1048446,1048522