link_id	nodes
1	700276,700295
2	704616,702678
3	701776,702029
4	754127,754060
5	754060,753730
6	754206,754210
7	754210,754127
8	750103,753155
9	760488,755845
10	699448,699389
11	700129,700205
12	702062,699556
13	675356,676055
14	846219,845732
15	846634,846622
16	856361,855824
17	855824,855804
18	843992,844114
19	844114,844533
20	784980,784069
21	783952,777825
22	777825,777304
23	780509,780212
24	780212,780197
25	782044,782807
26	782807,782935
27	782935,783240
28	783240,783265
29	783265,783200
30	780235,780109
31	696350,696374
32	689387,689386
33	790954,790449
34	789873,788218
35	789974,789571
36	652752,652750
37	689968,689847
38	787361,787635
39	787635,788125
40	788125,788776
41	620284,620224
42	620224,620189
43	620189,620221
44	611037,610980
45	610980,610985
46	610985,611006
47	611006,611042
48	611042,611037
49	609686,609670
50	609670,609602
51	609602,609604
52	609604,609674
53	609674,609686
54	611055,610815
55	611134,611102
56	611102,611055
57	611945,611739
58	611739,611685
59	611498,611456
60	611456,611134
61	611685,611529
62	611529,611498
63	812470,813716
64	704819,705606
65	703730,703989
66	703379,703730
67	702796,702829
68	702829,703379
69	704690,704819
70	704565,704690
71	703989,704379
72	704379,704565
73	699955,699879
74	699879,700129
75	698386,697571
76	699239,698386
77	700253,699969
78	699969,699239
79	644165,647548
80	644907,644827
81	644371,644443
82	646247,646153
83	645282,645178
84	644993,644907
85	645448,645365
86	645365,645282
87	645178,645085
88	645085,644993
89	644827,644755
90	644454,644374
91	644200,644245
92	644245,644319
93	644319,644371
94	644611,644523
95	644523,644454
96	644244,644093
97	644374,644321
98	644321,644244
99	644093,644152
100	644152,644200
101	644755,644672
102	644672,644611
103	646153,646100
104	646100,646010
105	645642,645588
106	646010,645957
107	645682,645642
108	645835,645756
109	645756,645682
110	645957,645884
111	645884,645835
112	645588,645529
113	645529,645448
114	636188,636645
115	636645,637893
116	643580,644020
117	644020,644453
118	644453,645912
119	640917,642623
120	642623,643580
121	634471,634511
122	634511,634856
123	634856,634933
124	634933,636188
125	640175,640917
126	637893,638279
127	638279,640175
128	643890,643889
129	644830,644742
130	644742,643920
131	643920,643890
132	643889,644165
133	635812,631246
134	631246,631246
135	635812,634527
136	634527,634381
137	634381,634527
138	617971,617950
139	617950,617901
140	617935,617949
141	617949,617948
142	617931,617935
143	617948,617951
144	617901,617862
145	617862,617931
146	617951,617917
147	617917,617889
148	617812,617789
149	617789,617510
150	617889,617842
151	617842,617812
152	655298,654522
153	654522,654165
154	652520,654471
155	661391,661333
156	654471,654696
157	688242,689230
158	689230,690069
159	691754,691018
160	685785,687489
161	687489,687455
162	687455,687343
163	693770,693512
164	685152,684317
165	684317,684110
166	685484,685301
167	683273,683161
168	620063,620034
169	619925,620118
170	620118,620350
171	619644,619925
172	620034,619639
173	619639,619644
174	620872,620921
175	620921,620943
176	620599,620690
177	620690,620872
178	620661,621170
179	672440,673649
180	671374,671767
181	665166,665339
182	654539,653665
183	657435,654588
184	654588,654539
185	657887,657931
186	657931,658249
187	653895,653720
188	657357,657795
189	658658,658705
190	658705,660045
191	660045,660065
192	658287,658291
193	658291,658658
194	657501,656465
195	656465,656236
196	656236,656465
197	658145,658180
198	658180,658250
199	658250,658287
200	657765,657775
201	657775,658145
202	656236,656098
203	656163,655271
204	656944,656230
205	656230,656163
206	657704,657765
207	658249,658252
208	658252,657685
209	657685,657704
210	658007,657769
211	657769,657769
212	652292,652329
213	652329,654646
214	652135,651622
215	651911,652086
216	652086,652095
217	652095,652292
218	652116,652326
219	653665,652185
220	652185,652135
221	654540,654550
222	676242,674760
223	647753,646182
224	611042,611219
225	643548,643545
226	684199,684245
227	684245,684249
228	684249,684277
229	684535,684245
230	684535,684538
231	684538,685595
232	684540,684535
233	685595,686189
234	686189,687221
235	684580,684546
236	684546,684540
237	687079,687384
238	687221,687135
239	687135,687079
240	687384,686191
241	684580,684277
242	686191,685675
243	685675,684580
244	751311,751536
245	676844,676246
246	617080,618750
247	779897,779108
248	779124,779114
249	779056,779053
250	779058,779056
251	777221,777805
252	779086,779078
253	779114,779108
254	779078,779068
255	779059,779058
256	779127,779124
257	777805,778147
258	778147,778623
259	778623,778998
260	779098,779090
261	779090,779086
262	779068,779067
263	779067,779060
264	779060,779059
265	779135,779131
266	779131,779127
267	778998,779084
268	779084,779126
269	779126,779135
270	779108,779105
271	779105,779098
272	777805,778272
273	778272,778644
274	778644,779053
275	636235,636343
276	636343,636516
277	781996,781817
278	780254,780142
279	781099,780979
280	781357,781335
281	781645,781545
282	780742,780601
283	780601,780497
284	780497,780408
285	781545,781451
286	781451,781357
287	780979,780857
288	780857,780742
289	781335,781374
290	781817,781744
291	781744,781645
292	781374,781280
293	781280,781201
294	781201,781099
295	780408,780324
296	780324,780254
297	645689,645760
298	632252,632255
299	631678,632218
300	632218,632227
301	632227,632235
302	632235,632241
303	632241,632252
304	145009,144825
305	146064,146076
306	145448,145536
307	145691,145754
308	145536,145551
309	145551,145596
310	145754,146033
311	146033,146064
312	145596,145641
313	145641,145691
314	147538,147536
315	147537,147538
316	147544,147541
317	147543,147544
318	146777,147159
319	147159,147320
320	147320,147543
321	147541,147539
322	147539,147537
323	145335,145284
324	316342,314754
325	314754,313584
326	307866,306537
327	313584,311923
328	311923,309653
329	309653,309298
330	309298,307866
331	734334,734307
332	734338,734343
333	734343,734334
334	649550,649448
335	649448,649176
336	647642,647641
337	648407,648143
338	648143,647631
339	647639,647642
340	649176,648891
341	647633,647639
342	648891,648635
343	648635,648407
344	647631,647748
345	647748,647633
346	647642,648345
347	648345,648128
348	648128,648483
349	648483,649176
350	647631,648407
351	631681,632227
352	632227,632497
353	660055,659004
354	780330,780249
355	780413,780330
356	780834,780727
357	781116,781042
358	781042,780940
359	780940,780834
360	781744,781205
361	781205,781116
362	780727,780590
363	780590,780494
364	780494,780413
365	645111,644692
366	644201,643889
367	644692,644417
368	644417,644201
369	644642,645032
370	643890,644172
371	644172,644365
372	644365,644642
373	645020,644939
374	644939,645120
375	645329,645153
376	645240,645329
377	645572,645768
378	645168,645437
379	645437,645572
380	645020,645052
381	645052,645120
382	645120,645168
383	645240,645153
384	645153,645111
385	645111,645032
386	645032,645020
387	645168,645231
388	645231,645240
389	646247,646009
390	645944,646007
391	646348,646413
392	646207,646288
393	646288,646348
394	646413,646558
395	646558,646729
396	646729,647022
397	647022,647098
398	647098,647548
399	646007,646086
400	646086,646145
401	646145,646207
402	645778,645834
403	645768,645757
404	645757,645778
405	645834,645857
406	645857,645913
407	645913,645873
408	645873,645854
409	645854,645768
410	644223,644170
411	644271,644352
412	644352,644223
413	644170,644164
414	644164,644271
415	642990,643441
416	644223,643834
417	642584,642562
418	629197,629048
419	665339,665340
420	665339,666346
421	676268,674162
422	144825,144827
423	655871,655658
424	652539,654037
425	674018,674004
426	674010,674014
427	674014,674020
428	674028,674010
429	674031,674028
430	674020,674021
431	674021,674018
432	673578,673726
433	673726,674031
434	665208,665324
435	665324,665483
436	665503,665192
437	631699,632255
438	632255,632510
439	631699,631697
440	631692,631700
441	631700,631725
442	631273,631270
443	631270,631265
444	631697,631686
445	631686,631684
446	631265,631260
447	631277,631346
448	631248,631243
449	631243,631277
450	631276,631273
451	631684,631681
452	631725,631280
453	631280,631276
454	631260,631256
455	631681,631678
456	631678,631692
457	631256,631251
458	631251,631248
459	665923,665483
460	665240,665313
461	665313,665697
462	678422,678406
463	643372,643199
464	638395,638520
465	639574,639648
466	639648,639735
467	639735,639825
468	639047,639131
469	638851,639047
470	639131,639207
471	639207,639312
472	639992,639803
473	639803,639721
474	639825,639911
475	639911,639992
476	638520,638705
477	638705,638851
478	639493,639574
479	639312,639407
480	639407,639493
481	637413,637611
482	756194,756177
483	756177,756166
484	756029,756003
485	756003,756166
486	756177,756491
487	1072293,1072427
488	1077598,1076425
489	836390,837003
490	1099879,1099866
491	1099866,1099849
492	1099849,1099781
493	1099781,1099704
494	577716,578932
495	872912,871652
496	868685,870089
497	870359,870046
498	873904,873588
499	873706,873462
500	873462,873455
501	829684,825502
502	825502,825261
503	884752,884756
504	885696,885690
505	884756,884888
506	884747,884752
507	885690,885688
508	884888,885048
509	884741,884747
510	885688,885686
511	885591,885580
512	884727,884732
513	884732,884734
514	885670,885654
515	885654,885651
516	884734,884737
517	884737,884741
518	885686,885676
519	885676,885670
520	885027,884984
521	885607,885595
522	885595,885591
523	885641,885620
524	885620,885607
525	884984,884847
526	884847,884751
527	885709,885696
528	885617,885709
529	885319,885486
530	885486,885617
531	885048,885195
532	885195,885319
533	884751,884724
534	884724,884727
535	885651,885647
536	885647,885641
537	884606,884644
538	884644,884993
539	884993,885141
540	885141,885260
541	885546,885561
542	885487,885546
543	885260,885367
544	885367,885487
545	885561,885536
546	885536,885525
547	885027,884993
548	883599,883591
549	881350,881438
550	881438,881543
551	881720,881763
552	881543,881659
553	881659,881720
554	882020,881996
555	828701,829677
556	829677,830164
557	830164,830554
558	830554,830732
559	823319,823054
560	822949,823223
561	892342,892354
562	892171,892169
563	653832,652744
564	652976,653014
565	653052,652958
566	652958,652941
567	652941,652938
568	652938,652976
569	631114,631100
570	632293,632443
571	632194,632293
572	631811,632194
573	631100,631692
574	631692,631811
575	632463,632350
576	632350,632278
577	632278,632110
578	632110,632032
579	631769,631767
580	631758,631753
581	631767,631765
582	631765,631761
583	631777,631773
584	631773,631769
585	632032,631725
586	631725,631754
587	631761,631759
588	631759,631758
589	631754,631764
590	631764,631777
591	631753,631746
592	631746,631740
593	631740,631736
594	631751,631833
595	631833,632098
596	632098,632302
597	632302,632311
598	632311,632315
599	657493,657530
600	657530,657508
601	657508,657391
602	657391,657386
603	857045,857670
604	990370,990004
605	837228,836655
606	836655,836299
607	838340,837712
608	837712,837476
609	837476,837228
610	845983,845752
611	845752,845504
612	1072702,1072709
613	1072726,1072727
614	1072687,1072674
615	1072710,1072706
616	1072706,1072704
617	1072704,1072701
618	1040747,1041252
619	1041252,1041656
620	1072406,1072269
621	1099074,1099130
622	1098149,1098138
623	675674,676292
624	676269,675555
625	675555,675609
626	675609,675674
627	676296,676292
628	676292,676304
629	676304,676269
630	676269,675635
631	675635,675411
632	673180,672826
633	674458,675555
634	675609,673601
635	673601,673180
636	672826,673533
637	673533,674458
638	673601,673533
639	678941,679105
640	651593,651375
641	655293,655353
642	661979,662673
643	662673,662403
644	663093,662810
645	662810,662673
646	665800,665812
647	665812,666145
648	666138,665867
649	666145,666149
650	666149,666138
651	665867,665793
652	665793,665816
653	662752,662226
654	662226,661707
655	700146,699805
656	699805,698730
657	698730,698673
658	700371,699805
659	698730,697937
660	697937,697331
661	697331,697237
662	697237,696931
663	696931,696587
664	696587,697630
665	698286,697937
666	697833,697929
667	697929,697937
668	699879,699854
669	699961,699926
670	699961,699926
671	699926,699879
672	699969,699955
673	699955,699961
674	619703,619690
675	616883,617166
676	617166,617264
677	617264,617165
678	617165,616882
679	619714,619703
680	616137,616138
681	616138,616144
682	616175,616164
683	616549,616562
684	615932,615889
685	615890,615943
686	616230,616273
687	616070,616105
688	616105,616140
689	616492,616549
690	616140,616182
691	616182,616230
692	616273,616345
693	616345,616355
694	616019,616070
695	616097,616062
696	616062,616021
697	616021,616017
698	616175,616144
699	616144,616097
700	616443,616492
701	616355,616387
702	616387,616443
703	616017,615972
704	615972,615932
705	615943,615976
706	615976,616019
707	615889,615847
708	615847,615890
709	694231,694303
710	691160,692024
711	696544,697456
712	695831,695865
713	695865,697390
714	704419,704428
715	704428,704046
716	704046,703943
717	703943,703105
718	703105,702257
719	719249,719235
720	709996,709978
721	709978,709865
722	717753,717040
723	703065,703806
724	703806,705851
725	703610,703806
726	673698,673567
727	645652,645534
728	644615,645534
729	645534,646753
730	628586,628596
731	628257,628596
732	628596,628518
733	628518,628257
734	628627,628518
735	628257,627829
736	625805,625785
737	625761,625750
738	625785,625777
739	625777,625761
740	622804,622800
741	622800,622783
742	618009,618024
743	617159,617715
744	617715,617871
745	617871,618009
746	616750,617159
747	617159,616999
748	616999,616432
749	616432,616416
750	618009,618257
751	618257,619010
752	619027,618955
753	619010,619059
754	619059,619027
755	618571,619005
756	619005,619010
757	617693,617941
758	619005,618571
759	618571,618257
760	618257,618153
761	618041,618018
762	618068,618063
763	618063,618041
764	618018,618010
765	618010,617996
766	617996,618000
767	618000,618034
768	618034,618068
769	617715,617524
770	617871,618304
771	619116,618915
772	618915,618877
773	618622,618779
774	618943,618970
775	618779,618877
776	618877,618943
777	632915,633951
778	635686,633951
779	633951,633862
780	635199,635686
781	635686,635822
782	611498,611221
783	611221,611037
784	610913,611221
785	610549,610727
786	610727,610913
787	610913,611102
788	611685,611739
789	645307,645383
790	645383,645457
791	645376,645305
792	645305,645247
793	652880,652878
794	652878,652911
795	652882,652880
796	652889,652884
797	652884,652881
798	652881,652882
799	652662,652667
800	652667,652669
801	652743,652746
802	652748,652752
803	652746,652745
804	652745,652748
805	630394,630221
806	630609,630449
807	630449,630394
808	643917,643992
809	643992,644087
810	644087,644183
811	787801,787653
812	787844,787999
813	787571,787759
814	787256,787389
815	787389,787571
816	907102,907251
817	906791,906977
818	906977,907102
819	882958,883624
820	883878,883144
821	704971,705136
822	705136,705108
823	704545,704531
824	704531,704547
825	704547,704714
826	704714,704986
827	704438,703896
828	704505,704364
829	705166,704531
830	704547,703625
831	704620,704714
832	705025,705179
833	705179,705179
834	703724,703397
835	703614,703378
836	703557,703978
837	732543,732323
838	731548,732833
839	733693,733921
840	731296,732251
841	732251,732731
842	732731,733693
843	732377,732387
844	732387,732251
845	733921,732833
846	732833,732731
847	734925,733693
848	673799,673566
849	674248,674004
850	674349,674317
851	674317,674248
852	674004,673960
853	673960,673799
854	674285,674410
855	674349,674457
856	674252,674285
857	674285,674349
858	674876,674981
859	674744,674803
860	674803,674876
861	674511,674631
862	674631,674744
863	674976,676239
864	1046728,1046825
865	1046825,1047099
866	1047099,1046862
867	1046862,1046768
868	1047665,1048152
869	1047099,1047147
870	1047147,1047665
871	1048599,1048678
872	1048678,1049197
873	822160,822250
874	822324,822266
875	823079,822895
876	823448,823249
877	823249,823079
878	818376,818477
879	818400,818328
880	815489,815293
881	815434,815592
882	801409,801217
883	802214,802198
884	802198,801909
885	802477,802472
886	802472,802458
887	802780,802686
888	802686,802648
889	802458,802425
890	802481,802477
891	801502,801417
892	802617,802604
893	801641,801502
894	802425,802369
895	802648,802620
896	802620,802617
897	802546,802481
898	802604,802602
899	802602,802546
900	801417,801415
901	801415,801203
902	802369,802293
903	802293,802214
904	801909,801843
905	801843,801641
906	801578,801855
907	801383,801514
908	802922,802864
909	803055,802989
910	802989,802955
911	802955,802922
912	802817,802780
913	802864,802836
914	802836,802817
915	812328,812509
916	812344,812167
917	689444,689496
918	688710,689444
919	687799,688133
920	688133,688433
921	688433,688710
922	689528,689628
923	689628,689914
924	687861,687947
925	692423,691218
926	691218,691008
927	700736,701399
928	700377,700394
929	697506,697436
930	698947,698850
931	698275,698260
932	699059,699074
933	711382,711309
934	712626,712263
935	712263,711382
936	711298,711382
937	712263,712311
938	712263,713575
939	711224,711202
940	711202,711109
941	711281,711297
942	711661,711958
943	712783,712506
944	712506,712318
945	711474,711469
946	710510,710334
947	713680,713705
948	713825,713680
949	714112,714084
950	714084,713825
951	714084,714292
952	713825,713078
953	714112,714467
954	714467,714340
955	817050,817121
956	817893,817946
957	817229,817893
958	817121,817229
959	817042,816926
960	817878,817804
961	817804,817164
962	817164,817042
963	777038,779196
964	781581,781609
965	1047784,1047824
966	1047824,1048152
967	1047010,1047417
968	1047417,1047784
969	1046373,1047417
970	617584,617898
971	617898,618053
972	771306,771953
973	771953,772552
974	772552,772733
975	771518,771949
976	771949,772498
977	772498,772867
978	771949,771953
979	772498,772552
980	772858,773624
981	1055273,1055253
982	1055100,1054650
983	1055383,1055297
984	1055529,1055437
985	1055437,1055383
986	1055297,1055273
987	1046460,1046928
988	1046008,1046460
989	1045480,1045646
990	1045646,1046008
991	1049458,1049729
992	1046928,1047184
993	1047184,1047444
994	1049151,1049233
995	1047444,1047869
996	1047869,1047941
997	1047941,1048446
998	1049022,1049056
999	1049056,1049151
1000	1048446,1048522